qid,prediction
"0    0000163e3ea7c7a74cd7
1    00002bd4fb5d505b9161
2    00007756b4a147d2b0b3
3    000086e4b7e1c7146103
4    0000c4c3fbe8785a3090
5    000101884c19f3515c1a
6    00010f62537781f44a47
7    00012afbd27452239059
8    00014894849d00ba98a9
9    000156468431f09b3cae
Name: qid, dtype: object","[0, 0, 0, 0, 0, 0, 0, 0, 0, 0, 0, 0, 0, 0, 0, 0, 0, 0, 0, 0, 0, 0, 0, 0, 0, 0, 0, 0, 0, 0, 0, 0, 0, 0, 0, 0, 0, 0, 0, 0, 0, 0, 0, 0, 0, 0, 0, 0, 0, 0, 0, 0, 0, 0, 0, 0, 0, 0, 0, 0, 0, 0, 0, 0, 0, 0, 0, 0, 0, 0, 0, 0, 0, 0, 0, 0, 0, 0, 0, 0, 0, 0, 0, 0, 0, 0, 0, 0, 0, 0, 0, 0, 0, 0, 0, 0, 0, 0, 0, 0]"
